10
10 10
1 -1 -1 1 8 1000
1 -1 -1 1 4 1000
1 -1 -1 1 2 1000
1 0 0 1 7 391
1 0 0 1 2 286
1 0 0 1 7 897
1 0 0 1 4 435
1 0 0 1 0 166
1 4 0 1 6 48
1 7 0 1 7 2
10 10
1 -1 -1 1 3 1000
1 -1 -1 1 9 1000
1 -1 -1 1 2 1000
1 1 0 1 8 605
1 3 0 1 0 579
1 1 0 1 7 176
1 4 0 1 7 59
1 3 0 1 8 55
1 3 0 1 8 98
1 0 0 1 9 24
10 10
1 -1 -1 1 2 1000
1 -1 -1 1 9 1000
1 -1 -1 1 1 1000
1 0 0 1 7 1000
1 1 0 1 3 1000
1 2 0 1 2 1000
1 3 0 1 7 1000
1 4 0 1 1 1000
1 5 0 1 1 1000
1 6 0 1 4 1000
10 10
1 -1 -1 1 5 1000
1 -1 -1 1 7 1000
1 -1 -1 1 0 1000
1 0 0 1 8 18
1 3 0 1 4 10
1 4 0 1 5 4
1 1 0 1 5 668
1 1 0 1 2 328
1 4 0 1 1 9
1 4 0 1 1 10
10 10
1 -1 -1 1 3 1000
1 -1 -1 1 9 1000
1 -1 -1 1 1 1000
1 0 0 1 8 765
1 1 0 1 3 441
1 0 0 1 8 249
1 3 0 1 5 333
1 3 0 1 9 350
1 6 0 1 8 193
1 8 0 1 5 99
10 10
1 -1 -1 1 7 1000
1 -1 -1 1 8 1000
1 -1 -1 1 0 1000
1 2 0 1 2 76
1 2 0 1 5 887
1 4 0 1 3 831
1 0 0 1 5 393
1 6 0 1 3 54
1 6 0 1 8 48
1 4 0 1 1 253
10 10
1 -1 -1 1 3 1000
1 -1 -1 1 5 1000
1 -1 -1 1 6 1000
1 0 0 1 7 885
1 1 0 1 3 400
1 2 0 1 6 37
1 0 0 1 6 320
1 4 0 1 8 74
1 6 0 1 7 64
1 4 0 1 4 33
10 10
1 -1 -1 1 6 1000
1 -1 -1 1 9 1000
1 -1 -1 1 2 1000
1 0 0 1 3 908
1 2 0 1 2 793
1 1 0 1 7 22
1 5 0 1 4 9
1 2 0 1 1 198
1 2 0 1 1 132
1 5 0 1 1 4
10 10
1 -1 -1 1 6 1000
1 -1 -1 1 2 1000
1 -1 -1 1 7 1000
1 2 0 1 1 912
1 3 0 1 7 877
1 3 0 1 7 491
1 1 0 1 6 894
1 0 0 1 5 671
1 6 0 1 0 481
1 4 0 1 0 347
10 10
1 -1 -1 1 7 1000
1 -1 -1 1 5 1000
1 -1 -1 1 9 1000
1 0 0 1 0 1000
1 1 0 1 7 1000
1 2 0 1 3 1000
1 3 0 1 8 1000
1 4 0 1 6 1000
1 5 0 1 9 1000
1 6 0 1 2 1000
